            0
     18288452
     71918880
    157251600
    268435456
    397922704
    536895240
    675818012
    805254128
    916454528
   1001817452
   1055470144
   1073741824
   1055470144
   1001817452
    916454528
    805254128
    675818012
    536895240
    397922704
    268435456
    157251600
     71918880
     18288452
            0
     18288452
     71918880
    157251600
    268435456
    397922704
    536895240
    675818012
    805254128
    916454528
   1001817452
   1055470144
   1073741824
   1055470144
   1001817452
    916454528
    805254128
    675818012
    536895240
    397922704
    268435456
    157251600
     71918880
     18288452
            0
     18288452
     71918880
    157251600
    268435456
    397922704
    536895240
    675818012
    805254128
    916454528
   1001817452
   1055470144
   1073741824
   1055470144
   1001817452
    916454528
    805254128
    675818012
    536895240
    397922704
    268435456
    157251600
     71918880
     18288452
            0
     18288452
     71918880
    157251600
    268435456
    397922704
    536895240
    675818012
    805254128
    916454528
   1001817452
   1055470144
   1073741824
   1055470144
   1001817452
    916454528
    805254128
    675818012
    536895240
    397922704
    268435456
    157251600
     71918880
     18288452
            0
     18288452
     71918880
    157251600
    268435456
    397922704
    536895240
    675818012
    805254128
    916454528
   1001817452
   1055470144
   1073741824
   1055470144
   1001817452
    916454528
    805254128
    675818012
    536895240
    397922704
    268435456
    157251600
     71918880
     18288452
            0
     18288452
     71918880
    157251600
    268435456
    397922704
    536895240
    675818012
    805254128
    916454528
   1001817452
   1055470144
   1073741824
   1055470144
   1001817452
    916454528
    805254128
    675818012
    536895240
    397922704
    268435456
    157251600
     71918880
     18288452
            0
     18288452
     71918880
    157251600
    268435456
    397922704
    536895240
    675818012
    805254128
    916454528
   1001817452
   1055470144
   1073741824
   1055470144
   1001817452
    916454528
    805254128
    675818012
    536895240
    397922704
    268435456
    157251600
     71918880
     18288452
            0
     18288452
     71918880
    157251600
    268435456
    397922704
    536895240
    675818012
    805254128
    916454528
   1001817452
   1055470144
   1073741824
   1055470144
   1001817452
    916454528
    805254128
    675818012
    536895240
    397922704
    268435456
    157251600
     71918880
     18288452
            0
     18288452
     71918880
    157251600
    268435456
    397922704
    536895240
    675818012
    805254128
    916454528
   1001817452
   1055470144
   1073741824
   1055470144
   1001817452
    916454528
    805254128
    675818012
    536895240
    397922704
    268435456
    157251600
     71918880
     18288452
            0
     18288452
     71918880
    157251600
    268435456
    397922704
    536895240
    675818012
    805254128
    916454528
   1001817452
   1055470144
   1073741824
   1055470144
   1001817452
    916454528
    805254128
    675818012
    536895240
    397922704
    268435456
    157251600
     71918880
     18288452
